2022/05/01-18:57:23.947200 208c61600 RocksDB version: 6.12.7
2022/05/01-18:57:23.947520 208c61600 Git sha rocksdb_build_git_sha:@0@
2022/05/01-18:57:23.947531 208c61600 Compile date Jul 27 2021
2022/05/01-18:57:23.947544 208c61600 DB SUMMARY
2022/05/01-18:57:23.947546 208c61600 DB Session ID:  S20Y4HRXO3JPSAZE3UWL
2022/05/01-18:57:23.947736 208c61600 SST files in /Users/ueyamamasashi/blobError/.dfx/state/replicated_state/node-100/ic_consensus_pool/consensus dir, Total Num: 0, files: 
2022/05/01-18:57:23.947738 208c61600 Write Ahead Log file in /Users/ueyamamasashi/blobError/.dfx/state/replicated_state/node-100/ic_consensus_pool/consensus: 
2022/05/01-18:57:23.947740 208c61600                         Options.error_if_exists: 0
2022/05/01-18:57:23.947741 208c61600                       Options.create_if_missing: 1
2022/05/01-18:57:23.947742 208c61600                         Options.paranoid_checks: 1
2022/05/01-18:57:23.947743 208c61600                                     Options.env: 0x1069f63f8
2022/05/01-18:57:23.947745 208c61600                                      Options.fs: Posix File System
2022/05/01-18:57:23.947745 208c61600                                Options.info_log: 0x60000056c370
2022/05/01-18:57:23.947746 208c61600                Options.max_file_opening_threads: 16
2022/05/01-18:57:23.947747 208c61600                              Options.statistics: 0x0
2022/05/01-18:57:23.947748 208c61600                               Options.use_fsync: 1
2022/05/01-18:57:23.947748 208c61600                       Options.max_log_file_size: 0
2022/05/01-18:57:23.947749 208c61600                  Options.max_manifest_file_size: 1073741824
2022/05/01-18:57:23.947750 208c61600                   Options.log_file_time_to_roll: 0
2022/05/01-18:57:23.947751 208c61600                       Options.keep_log_file_num: 1000
2022/05/01-18:57:23.947752 208c61600                    Options.recycle_log_file_num: 0
2022/05/01-18:57:23.947752 208c61600                         Options.allow_fallocate: 1
2022/05/01-18:57:23.947753 208c61600                        Options.allow_mmap_reads: 0
2022/05/01-18:57:23.947754 208c61600                       Options.allow_mmap_writes: 0
2022/05/01-18:57:23.947755 208c61600                        Options.use_direct_reads: 0
2022/05/01-18:57:23.947755 208c61600                        Options.use_direct_io_for_flush_and_compaction: 0
2022/05/01-18:57:23.947756 208c61600          Options.create_missing_column_families: 1
2022/05/01-18:57:23.947757 208c61600                              Options.db_log_dir: 
2022/05/01-18:57:23.947758 208c61600                                 Options.wal_dir: /Users/ueyamamasashi/blobError/.dfx/state/replicated_state/node-100/ic_consensus_pool/consensus
2022/05/01-18:57:23.947758 208c61600                Options.table_cache_numshardbits: 6
2022/05/01-18:57:23.947759 208c61600                         Options.WAL_ttl_seconds: 0
2022/05/01-18:57:23.947760 208c61600                       Options.WAL_size_limit_MB: 0
2022/05/01-18:57:23.947761 208c61600                        Options.max_write_batch_group_size_bytes: 1048576
2022/05/01-18:57:23.947761 208c61600             Options.manifest_preallocation_size: 4194304
2022/05/01-18:57:23.947762 208c61600                     Options.is_fd_close_on_exec: 1
2022/05/01-18:57:23.947763 208c61600                   Options.advise_random_on_open: 1
2022/05/01-18:57:23.947764 208c61600                    Options.db_write_buffer_size: 0
2022/05/01-18:57:23.947764 208c61600                    Options.write_buffer_manager: 0x600002864f90
2022/05/01-18:57:23.947765 208c61600         Options.access_hint_on_compaction_start: 1
2022/05/01-18:57:23.947766 208c61600  Options.new_table_reader_for_compaction_inputs: 0
2022/05/01-18:57:23.947767 208c61600           Options.random_access_max_buffer_size: 1048576
2022/05/01-18:57:23.947767 208c61600                      Options.use_adaptive_mutex: 0
2022/05/01-18:57:23.947768 208c61600                            Options.rate_limiter: 0x0
2022/05/01-18:57:23.947770 208c61600     Options.sst_file_manager.rate_bytes_per_sec: 0
2022/05/01-18:57:23.947771 208c61600                       Options.wal_recovery_mode: 2
2022/05/01-18:57:23.947783 208c61600                  Options.enable_thread_tracking: 0
2022/05/01-18:57:23.947784 208c61600                  Options.enable_pipelined_write: 0
2022/05/01-18:57:23.947785 208c61600                  Options.unordered_write: 0
2022/05/01-18:57:23.947785 208c61600         Options.allow_concurrent_memtable_write: 1
2022/05/01-18:57:23.947786 208c61600      Options.enable_write_thread_adaptive_yield: 1
2022/05/01-18:57:23.947787 208c61600             Options.write_thread_max_yield_usec: 100
2022/05/01-18:57:23.947788 208c61600            Options.write_thread_slow_yield_usec: 3
2022/05/01-18:57:23.947788 208c61600                               Options.row_cache: None
2022/05/01-18:57:23.947789 208c61600                              Options.wal_filter: None
2022/05/01-18:57:23.947800 208c61600             Options.avoid_flush_during_recovery: 0
2022/05/01-18:57:23.947801 208c61600             Options.allow_ingest_behind: 0
2022/05/01-18:57:23.947801 208c61600             Options.preserve_deletes: 0
2022/05/01-18:57:23.947802 208c61600             Options.two_write_queues: 0
2022/05/01-18:57:23.947803 208c61600             Options.manual_wal_flush: 0
2022/05/01-18:57:23.947804 208c61600             Options.atomic_flush: 0
2022/05/01-18:57:23.947804 208c61600             Options.avoid_unnecessary_blocking_io: 0
2022/05/01-18:57:23.947805 208c61600                 Options.persist_stats_to_disk: 0
2022/05/01-18:57:23.947806 208c61600                 Options.write_dbid_to_manifest: 0
2022/05/01-18:57:23.947807 208c61600                 Options.log_readahead_size: 0
2022/05/01-18:57:23.947807 208c61600                 Options.file_checksum_gen_factory: Unknown
2022/05/01-18:57:23.947809 208c61600                 Options.best_efforts_recovery: 0
2022/05/01-18:57:23.947810 208c61600                Options.max_bgerror_resume_count: 2147483647
2022/05/01-18:57:23.947811 208c61600            Options.bgerror_resume_retry_interval: 1000000
2022/05/01-18:57:23.947812 208c61600             Options.max_background_jobs: 2
2022/05/01-18:57:23.947812 208c61600             Options.max_background_compactions: -1
2022/05/01-18:57:23.947813 208c61600             Options.max_subcompactions: 1
2022/05/01-18:57:23.947814 208c61600             Options.avoid_flush_during_shutdown: 0
2022/05/01-18:57:23.947815 208c61600           Options.writable_file_max_buffer_size: 1048576
2022/05/01-18:57:23.947815 208c61600             Options.delayed_write_rate : 16777216
2022/05/01-18:57:23.947816 208c61600             Options.max_total_wal_size: 0
2022/05/01-18:57:23.947817 208c61600             Options.delete_obsolete_files_period_micros: 21600000000
2022/05/01-18:57:23.947818 208c61600                   Options.stats_dump_period_sec: 600
2022/05/01-18:57:23.947818 208c61600                 Options.stats_persist_period_sec: 600
2022/05/01-18:57:23.947819 208c61600                 Options.stats_history_buffer_size: 1048576
2022/05/01-18:57:23.947820 208c61600                          Options.max_open_files: -1
2022/05/01-18:57:23.947822 208c61600                          Options.bytes_per_sync: 0
2022/05/01-18:57:23.947822 208c61600                      Options.wal_bytes_per_sync: 0
2022/05/01-18:57:23.947823 208c61600                   Options.strict_bytes_per_sync: 0
2022/05/01-18:57:23.947824 208c61600       Options.compaction_readahead_size: 0
2022/05/01-18:57:23.947825 208c61600                  Options.max_background_flushes: -1
2022/05/01-18:57:23.947826 208c61600 Compression algorithms supported:
2022/05/01-18:57:23.947944 208c61600 	kZSTD supported: 1
2022/05/01-18:57:23.947945 208c61600 	kZlibCompression supported: 1
2022/05/01-18:57:23.947952 208c61600 	kXpressCompression supported: 0
2022/05/01-18:57:23.947953 208c61600 	kSnappyCompression supported: 1
2022/05/01-18:57:23.947954 208c61600 	kZSTDNotFinalCompression supported: 1
2022/05/01-18:57:23.947955 208c61600 	kLZ4HCCompression supported: 1
2022/05/01-18:57:23.947955 208c61600 	kLZ4Compression supported: 1
2022/05/01-18:57:23.947956 208c61600 	kBZip2Compression supported: 1
2022/05/01-18:57:23.947967 208c61600 Fast CRC32 supported: Supported on x86
2022/05/01-18:57:23.948305 208c61600 [db/db_impl/db_impl_open.cc:271] Creating manifest 1 
2022/05/01-18:57:23.948995 208c61600 [db/version_set.cc:4560] Recovering from manifest file: /Users/ueyamamasashi/blobError/.dfx/state/replicated_state/node-100/ic_consensus_pool/consensus/MANIFEST-000001
2022/05/01-18:57:23.949245 208c61600 [db/column_family.cc:580] --------------- Options for column family [default]:
2022/05/01-18:57:23.949247 208c61600               Options.comparator: leveldb.BytewiseComparator
2022/05/01-18:57:23.949247 208c61600           Options.merge_operator: None
2022/05/01-18:57:23.949248 208c61600        Options.compaction_filter: None
2022/05/01-18:57:23.949249 208c61600        Options.compaction_filter_factory: None
2022/05/01-18:57:23.949250 208c61600  Options.sst_partitioner_factory: None
2022/05/01-18:57:23.949250 208c61600         Options.memtable_factory: SkipListFactory
2022/05/01-18:57:23.949251 208c61600            Options.table_factory: BlockBasedTable
2022/05/01-18:57:23.949270 208c61600            table_factory options:   flush_block_policy_factory: FlushBlockBySizePolicyFactory (0x600002460da0)
  cache_index_and_filter_blocks: 0
  cache_index_and_filter_blocks_with_high_priority: 1
  pin_l0_filter_and_index_blocks_in_cache: 0
  pin_top_level_index_and_filter: 1
  index_type: 0
  data_block_index_type: 0
  index_shortening: 1
  data_block_hash_table_util_ratio: 0.750000
  hash_index_allow_collision: 1
  checksum: 1
  no_block_cache: 0
  block_cache: 0x60000176d878
  block_cache_name: LRUCache
  block_cache_options:
    capacity : 8388608
    num_shard_bits : 4
    strict_capacity_limit : 0
    memory_allocator : None
    high_pri_pool_ratio: 0.000
  block_cache_compressed: 0x0
  persistent_cache: 0x0
  block_size: 4096
  block_size_deviation: 10
  block_restart_interval: 16
  index_block_restart_interval: 1
  metadata_block_size: 4096
  partition_filters: 0
  use_delta_encoding: 1
  filter_policy: nullptr
  whole_key_filtering: 1
  verify_compression: 0
  read_amp_bytes_per_bit: 0
  format_version: 4
  enable_index_compression: 1
  block_align: 0
2022/05/01-18:57:23.949271 208c61600        Options.write_buffer_size: 67108864
2022/05/01-18:57:23.949272 208c61600  Options.max_write_buffer_number: 2
2022/05/01-18:57:23.949274 208c61600          Options.compression: Snappy
2022/05/01-18:57:23.949275 208c61600                  Options.bottommost_compression: Disabled
2022/05/01-18:57:23.949276 208c61600       Options.prefix_extractor: nullptr
2022/05/01-18:57:23.949276 208c61600   Options.memtable_insert_with_hint_prefix_extractor: nullptr
2022/05/01-18:57:23.949277 208c61600             Options.num_levels: 7
2022/05/01-18:57:23.949278 208c61600        Options.min_write_buffer_number_to_merge: 1
2022/05/01-18:57:23.949279 208c61600     Options.max_write_buffer_number_to_maintain: 0
2022/05/01-18:57:23.949279 208c61600     Options.max_write_buffer_size_to_maintain: 0
2022/05/01-18:57:23.949280 208c61600            Options.bottommost_compression_opts.window_bits: -14
2022/05/01-18:57:23.949281 208c61600                  Options.bottommost_compression_opts.level: 32767
2022/05/01-18:57:23.949282 208c61600               Options.bottommost_compression_opts.strategy: 0
2022/05/01-18:57:23.949283 208c61600         Options.bottommost_compression_opts.max_dict_bytes: 0
2022/05/01-18:57:23.949284 208c61600         Options.bottommost_compression_opts.zstd_max_train_bytes: 0
2022/05/01-18:57:23.949284 208c61600         Options.bottommost_compression_opts.parallel_threads: 1
2022/05/01-18:57:23.949285 208c61600                  Options.bottommost_compression_opts.enabled: false
2022/05/01-18:57:23.949286 208c61600            Options.compression_opts.window_bits: -14
2022/05/01-18:57:23.949287 208c61600                  Options.compression_opts.level: 32767
2022/05/01-18:57:23.949287 208c61600               Options.compression_opts.strategy: 0
2022/05/01-18:57:23.949288 208c61600         Options.compression_opts.max_dict_bytes: 0
2022/05/01-18:57:23.949298 208c61600         Options.compression_opts.zstd_max_train_bytes: 0
2022/05/01-18:57:23.949299 208c61600         Options.compression_opts.parallel_threads: 1
2022/05/01-18:57:23.949299 208c61600                  Options.compression_opts.enabled: false
2022/05/01-18:57:23.949301 208c61600      Options.level0_file_num_compaction_trigger: 4
2022/05/01-18:57:23.949302 208c61600          Options.level0_slowdown_writes_trigger: 20
2022/05/01-18:57:23.949303 208c61600              Options.level0_stop_writes_trigger: 36
2022/05/01-18:57:23.949304 208c61600                   Options.target_file_size_base: 67108864
2022/05/01-18:57:23.949304 208c61600             Options.target_file_size_multiplier: 1
2022/05/01-18:57:23.949305 208c61600                Options.max_bytes_for_level_base: 268435456
2022/05/01-18:57:23.949306 208c61600 Options.level_compaction_dynamic_level_bytes: 0
2022/05/01-18:57:23.949307 208c61600          Options.max_bytes_for_level_multiplier: 10.000000
2022/05/01-18:57:23.949308 208c61600 Options.max_bytes_for_level_multiplier_addtl[0]: 1
2022/05/01-18:57:23.949309 208c61600 Options.max_bytes_for_level_multiplier_addtl[1]: 1
2022/05/01-18:57:23.949309 208c61600 Options.max_bytes_for_level_multiplier_addtl[2]: 1
2022/05/01-18:57:23.949310 208c61600 Options.max_bytes_for_level_multiplier_addtl[3]: 1
2022/05/01-18:57:23.949311 208c61600 Options.max_bytes_for_level_multiplier_addtl[4]: 1
2022/05/01-18:57:23.949312 208c61600 Options.max_bytes_for_level_multiplier_addtl[5]: 1
2022/05/01-18:57:23.949312 208c61600 Options.max_bytes_for_level_multiplier_addtl[6]: 1
2022/05/01-18:57:23.949313 208c61600       Options.max_sequential_skip_in_iterations: 8
2022/05/01-18:57:23.949314 208c61600                    Options.max_compaction_bytes: 1677721600
2022/05/01-18:57:23.949315 208c61600                        Options.arena_block_size: 8388608
2022/05/01-18:57:23.949316 208c61600   Options.soft_pending_compaction_bytes_limit: 68719476736
2022/05/01-18:57:23.949316 208c61600   Options.hard_pending_compaction_bytes_limit: 274877906944
2022/05/01-18:57:23.949317 208c61600       Options.rate_limit_delay_max_milliseconds: 100
2022/05/01-18:57:23.949318 208c61600                Options.disable_auto_compactions: 0
2022/05/01-18:57:23.949319 208c61600                        Options.compaction_style: kCompactionStyleLevel
2022/05/01-18:57:23.949320 208c61600                          Options.compaction_pri: kMinOverlappingRatio
2022/05/01-18:57:23.949321 208c61600 Options.compaction_options_universal.size_ratio: 1
2022/05/01-18:57:23.949322 208c61600 Options.compaction_options_universal.min_merge_width: 2
2022/05/01-18:57:23.949322 208c61600 Options.compaction_options_universal.max_merge_width: 4294967295
2022/05/01-18:57:23.949323 208c61600 Options.compaction_options_universal.max_size_amplification_percent: 200
2022/05/01-18:57:23.949324 208c61600 Options.compaction_options_universal.compression_size_percent: -1
2022/05/01-18:57:23.949325 208c61600 Options.compaction_options_universal.stop_style: kCompactionStopStyleTotalSize
2022/05/01-18:57:23.949326 208c61600 Options.compaction_options_fifo.max_table_files_size: 1073741824
2022/05/01-18:57:23.949327 208c61600 Options.compaction_options_fifo.allow_compaction: 0
2022/05/01-18:57:23.949329 208c61600                   Options.table_properties_collectors: 
2022/05/01-18:57:23.949330 208c61600                   Options.inplace_update_support: 0
2022/05/01-18:57:23.949331 208c61600                 Options.inplace_update_num_locks: 10000
2022/05/01-18:57:23.949332 208c61600               Options.memtable_prefix_bloom_size_ratio: 0.000000
2022/05/01-18:57:23.949332 208c61600               Options.memtable_whole_key_filtering: 0
2022/05/01-18:57:23.949333 208c61600   Options.memtable_huge_page_size: 0
2022/05/01-18:57:23.949334 208c61600                           Options.bloom_locality: 0
2022/05/01-18:57:23.949335 208c61600                    Options.max_successive_merges: 0
2022/05/01-18:57:23.949336 208c61600                Options.optimize_filters_for_hits: 0
2022/05/01-18:57:23.949344 208c61600                Options.paranoid_file_checks: 0
2022/05/01-18:57:23.949345 208c61600                Options.force_consistency_checks: 0
2022/05/01-18:57:23.949346 208c61600                Options.report_bg_io_stats: 0
2022/05/01-18:57:23.949346 208c61600                               Options.ttl: 2592000
2022/05/01-18:57:23.949347 208c61600          Options.periodic_compaction_seconds: 0
2022/05/01-18:57:23.950444 208c61600 [db/version_set.cc:4718] Recovered from manifest file:/Users/ueyamamasashi/blobError/.dfx/state/replicated_state/node-100/ic_consensus_pool/consensus/MANIFEST-000001 succeeded,manifest_file_number is 1, next_file_number is 3, last_sequence is 0, log_number is 0,prev_log_number is 0,max_column_family is 0,min_log_number_to_keep is 0
2022/05/01-18:57:23.950446 208c61600 [db/version_set.cc:4727] Column family [default] (ID 0), log number is 0
2022/05/01-18:57:23.950830 208c61600 [db/version_set.cc:3950] Creating manifest 4
2022/05/01-18:57:23.951062 208c61600 [db/column_family.cc:580] --------------- Options for column family [RB]:
2022/05/01-18:57:23.951063 208c61600               Options.comparator: leveldb.BytewiseComparator
2022/05/01-18:57:23.951064 208c61600           Options.merge_operator: None
2022/05/01-18:57:23.951066 208c61600        Options.compaction_filter: filter_outdated
2022/05/01-18:57:23.951067 208c61600        Options.compaction_filter_factory: None
2022/05/01-18:57:23.951067 208c61600  Options.sst_partitioner_factory: None
2022/05/01-18:57:23.951068 208c61600         Options.memtable_factory: SkipListFactory
2022/05/01-18:57:23.951069 208c61600            Options.table_factory: BlockBasedTable
2022/05/01-18:57:23.951083 208c61600            table_factory options:   flush_block_policy_factory: FlushBlockBySizePolicyFactory (0x6000024609d0)
  cache_index_and_filter_blocks: 0
  cache_index_and_filter_blocks_with_high_priority: 1
  pin_l0_filter_and_index_blocks_in_cache: 0
  pin_top_level_index_and_filter: 1
  index_type: 0
  data_block_index_type: 0
  index_shortening: 1
  data_block_hash_table_util_ratio: 0.750000
  hash_index_allow_collision: 1
  checksum: 1
  no_block_cache: 0
  block_cache: 0x60000176d0f8
  block_cache_name: LRUCache
  block_cache_options:
    capacity : 8388608
    num_shard_bits : 4
    strict_capacity_limit : 0
    memory_allocator : None
    high_pri_pool_ratio: 0.000
  block_cache_compressed: 0x0
  persistent_cache: 0x0
  block_size: 4096
  block_size_deviation: 10
  block_restart_interval: 16
  index_block_restart_interval: 1
  metadata_block_size: 4096
  partition_filters: 0
  use_delta_encoding: 1
  filter_policy: nullptr
  whole_key_filtering: 1
  verify_compression: 0
  read_amp_bytes_per_bit: 0
  format_version: 4
  enable_index_compression: 1
  block_align: 0
2022/05/01-18:57:23.951084 208c61600        Options.write_buffer_size: 67108864
2022/05/01-18:57:23.951085 208c61600  Options.max_write_buffer_number: 2
2022/05/01-18:57:23.951086 208c61600          Options.compression: NoCompression
2022/05/01-18:57:23.951087 208c61600                  Options.bottommost_compression: Disabled
2022/05/01-18:57:23.951087 208c61600       Options.prefix_extractor: nullptr
2022/05/01-18:57:23.951088 208c61600   Options.memtable_insert_with_hint_prefix_extractor: nullptr
2022/05/01-18:57:23.951089 208c61600             Options.num_levels: 7
2022/05/01-18:57:23.951090 208c61600        Options.min_write_buffer_number_to_merge: 1
2022/05/01-18:57:23.951090 208c61600     Options.max_write_buffer_number_to_maintain: 0
2022/05/01-18:57:23.951091 208c61600     Options.max_write_buffer_size_to_maintain: 0
2022/05/01-18:57:23.951092 208c61600            Options.bottommost_compression_opts.window_bits: -14
2022/05/01-18:57:23.951093 208c61600                  Options.bottommost_compression_opts.level: 32767
2022/05/01-18:57:23.951093 208c61600               Options.bottommost_compression_opts.strategy: 0
2022/05/01-18:57:23.951094 208c61600         Options.bottommost_compression_opts.max_dict_bytes: 0
2022/05/01-18:57:23.951095 208c61600         Options.bottommost_compression_opts.zstd_max_train_bytes: 0
2022/05/01-18:57:23.951096 208c61600         Options.bottommost_compression_opts.parallel_threads: 1
2022/05/01-18:57:23.951096 208c61600                  Options.bottommost_compression_opts.enabled: false
2022/05/01-18:57:23.951097 208c61600            Options.compression_opts.window_bits: -14
2022/05/01-18:57:23.951098 208c61600                  Options.compression_opts.level: 32767
2022/05/01-18:57:23.951099 208c61600               Options.compression_opts.strategy: 0
2022/05/01-18:57:23.951100 208c61600         Options.compression_opts.max_dict_bytes: 0
2022/05/01-18:57:23.951100 208c61600         Options.compression_opts.zstd_max_train_bytes: 0
2022/05/01-18:57:23.951101 208c61600         Options.compression_opts.parallel_threads: 1
2022/05/01-18:57:23.951102 208c61600                  Options.compression_opts.enabled: false
2022/05/01-18:57:23.951103 208c61600      Options.level0_file_num_compaction_trigger: 4
2022/05/01-18:57:23.951111 208c61600          Options.level0_slowdown_writes_trigger: 20
2022/05/01-18:57:23.951112 208c61600              Options.level0_stop_writes_trigger: 36
2022/05/01-18:57:23.951113 208c61600                   Options.target_file_size_base: 67108864
2022/05/01-18:57:23.951113 208c61600             Options.target_file_size_multiplier: 1
2022/05/01-18:57:23.951114 208c61600                Options.max_bytes_for_level_base: 268435456
2022/05/01-18:57:23.951115 208c61600 Options.level_compaction_dynamic_level_bytes: 0
2022/05/01-18:57:23.951116 208c61600          Options.max_bytes_for_level_multiplier: 10.000000
2022/05/01-18:57:23.951117 208c61600 Options.max_bytes_for_level_multiplier_addtl[0]: 1
2022/05/01-18:57:23.951117 208c61600 Options.max_bytes_for_level_multiplier_addtl[1]: 1
2022/05/01-18:57:23.951118 208c61600 Options.max_bytes_for_level_multiplier_addtl[2]: 1
2022/05/01-18:57:23.951119 208c61600 Options.max_bytes_for_level_multiplier_addtl[3]: 1
2022/05/01-18:57:23.951120 208c61600 Options.max_bytes_for_level_multiplier_addtl[4]: 1
2022/05/01-18:57:23.951121 208c61600 Options.max_bytes_for_level_multiplier_addtl[5]: 1
2022/05/01-18:57:23.951121 208c61600 Options.max_bytes_for_level_multiplier_addtl[6]: 1
2022/05/01-18:57:23.951122 208c61600       Options.max_sequential_skip_in_iterations: 8
2022/05/01-18:57:23.951123 208c61600                    Options.max_compaction_bytes: 1677721600
2022/05/01-18:57:23.951124 208c61600                        Options.arena_block_size: 8388608
2022/05/01-18:57:23.951124 208c61600   Options.soft_pending_compaction_bytes_limit: 68719476736
2022/05/01-18:57:23.951125 208c61600   Options.hard_pending_compaction_bytes_limit: 274877906944
2022/05/01-18:57:23.951126 208c61600       Options.rate_limit_delay_max_milliseconds: 100
2022/05/01-18:57:23.951127 208c61600                Options.disable_auto_compactions: 1
2022/05/01-18:57:23.951127 208c61600                        Options.compaction_style: kCompactionStyleLevel
2022/05/01-18:57:23.951128 208c61600                          Options.compaction_pri: kMinOverlappingRatio
2022/05/01-18:57:23.951129 208c61600 Options.compaction_options_universal.size_ratio: 1
2022/05/01-18:57:23.951130 208c61600 Options.compaction_options_universal.min_merge_width: 2
2022/05/01-18:57:23.951130 208c61600 Options.compaction_options_universal.max_merge_width: 4294967295
2022/05/01-18:57:23.951131 208c61600 Options.compaction_options_universal.max_size_amplification_percent: 200
2022/05/01-18:57:23.951132 208c61600 Options.compaction_options_universal.compression_size_percent: -1
2022/05/01-18:57:23.951133 208c61600 Options.compaction_options_universal.stop_style: kCompactionStopStyleTotalSize
2022/05/01-18:57:23.951134 208c61600 Options.compaction_options_fifo.max_table_files_size: 1073741824
2022/05/01-18:57:23.951135 208c61600 Options.compaction_options_fifo.allow_compaction: 0
2022/05/01-18:57:23.951135 208c61600                   Options.table_properties_collectors: 
2022/05/01-18:57:23.951136 208c61600                   Options.inplace_update_support: 0
2022/05/01-18:57:23.951137 208c61600                 Options.inplace_update_num_locks: 10000
2022/05/01-18:57:23.951138 208c61600               Options.memtable_prefix_bloom_size_ratio: 0.000000
2022/05/01-18:57:23.951139 208c61600               Options.memtable_whole_key_filtering: 0
2022/05/01-18:57:23.951139 208c61600   Options.memtable_huge_page_size: 0
2022/05/01-18:57:23.951140 208c61600                           Options.bloom_locality: 0
2022/05/01-18:57:23.951141 208c61600                    Options.max_successive_merges: 0
2022/05/01-18:57:23.951142 208c61600                Options.optimize_filters_for_hits: 0
2022/05/01-18:57:23.951142 208c61600                Options.paranoid_file_checks: 0
2022/05/01-18:57:23.951143 208c61600                Options.force_consistency_checks: 0
2022/05/01-18:57:23.951144 208c61600                Options.report_bg_io_stats: 0
2022/05/01-18:57:23.951144 208c61600                               Options.ttl: 2592000
2022/05/01-18:57:23.951145 208c61600          Options.periodic_compaction_seconds: 2592000
2022/05/01-18:57:23.951299 208c61600 [db/db_impl/db_impl.cc:2563] Created column family [RB] (ID 1)
2022/05/01-18:57:23.952285 208c61600 [db/column_family.cc:580] --------------- Options for column family [FZ]:
2022/05/01-18:57:23.952287 208c61600               Options.comparator: leveldb.BytewiseComparator
2022/05/01-18:57:23.952288 208c61600           Options.merge_operator: None
2022/05/01-18:57:23.952289 208c61600        Options.compaction_filter: filter_outdated
2022/05/01-18:57:23.952289 208c61600        Options.compaction_filter_factory: None
2022/05/01-18:57:23.952290 208c61600  Options.sst_partitioner_factory: None
2022/05/01-18:57:23.952291 208c61600         Options.memtable_factory: SkipListFactory
2022/05/01-18:57:23.952292 208c61600            Options.table_factory: BlockBasedTable
2022/05/01-18:57:23.952306 208c61600            table_factory options:   flush_block_policy_factory: FlushBlockBySizePolicyFactory (0x600002460a20)
  cache_index_and_filter_blocks: 0
  cache_index_and_filter_blocks_with_high_priority: 1
  pin_l0_filter_and_index_blocks_in_cache: 0
  pin_top_level_index_and_filter: 1
  index_type: 0
  data_block_index_type: 0
  index_shortening: 1
  data_block_hash_table_util_ratio: 0.750000
  hash_index_allow_collision: 1
  checksum: 1
  no_block_cache: 0
  block_cache: 0x60000176d198
  block_cache_name: LRUCache
  block_cache_options:
    capacity : 8388608
    num_shard_bits : 4
    strict_capacity_limit : 0
    memory_allocator : None
    high_pri_pool_ratio: 0.000
  block_cache_compressed: 0x0
  persistent_cache: 0x0
  block_size: 4096
  block_size_deviation: 10
  block_restart_interval: 16
  index_block_restart_interval: 1
  metadata_block_size: 4096
  partition_filters: 0
  use_delta_encoding: 1
  filter_policy: nullptr
  whole_key_filtering: 1
  verify_compression: 0
  read_amp_bytes_per_bit: 0
  format_version: 4
  enable_index_compression: 1
  block_align: 0
2022/05/01-18:57:23.952307 208c61600        Options.write_buffer_size: 67108864
2022/05/01-18:57:23.952308 208c61600  Options.max_write_buffer_number: 2
2022/05/01-18:57:23.952309 208c61600          Options.compression: NoCompression
2022/05/01-18:57:23.952310 208c61600                  Options.bottommost_compression: Disabled
2022/05/01-18:57:23.952310 208c61600       Options.prefix_extractor: nullptr
2022/05/01-18:57:23.952311 208c61600   Options.memtable_insert_with_hint_prefix_extractor: nullptr
2022/05/01-18:57:23.952312 208c61600             Options.num_levels: 7
2022/05/01-18:57:23.952313 208c61600        Options.min_write_buffer_number_to_merge: 1
2022/05/01-18:57:23.952314 208c61600     Options.max_write_buffer_number_to_maintain: 0
2022/05/01-18:57:23.952314 208c61600     Options.max_write_buffer_size_to_maintain: 0
2022/05/01-18:57:23.952315 208c61600            Options.bottommost_compression_opts.window_bits: -14
2022/05/01-18:57:23.952316 208c61600                  Options.bottommost_compression_opts.level: 32767
2022/05/01-18:57:23.952317 208c61600               Options.bottommost_compression_opts.strategy: 0
2022/05/01-18:57:23.952318 208c61600         Options.bottommost_compression_opts.max_dict_bytes: 0
2022/05/01-18:57:23.952318 208c61600         Options.bottommost_compression_opts.zstd_max_train_bytes: 0
2022/05/01-18:57:23.952319 208c61600         Options.bottommost_compression_opts.parallel_threads: 1
2022/05/01-18:57:23.952320 208c61600                  Options.bottommost_compression_opts.enabled: false
2022/05/01-18:57:23.952321 208c61600            Options.compression_opts.window_bits: -14
2022/05/01-18:57:23.952322 208c61600                  Options.compression_opts.level: 32767
2022/05/01-18:57:23.952322 208c61600               Options.compression_opts.strategy: 0
2022/05/01-18:57:23.952323 208c61600         Options.compression_opts.max_dict_bytes: 0
2022/05/01-18:57:23.952324 208c61600         Options.compression_opts.zstd_max_train_bytes: 0
2022/05/01-18:57:23.952325 208c61600         Options.compression_opts.parallel_threads: 1
2022/05/01-18:57:23.952325 208c61600                  Options.compression_opts.enabled: false
2022/05/01-18:57:23.952326 208c61600      Options.level0_file_num_compaction_trigger: 4
2022/05/01-18:57:23.952334 208c61600          Options.level0_slowdown_writes_trigger: 20
2022/05/01-18:57:23.952335 208c61600              Options.level0_stop_writes_trigger: 36
2022/05/01-18:57:23.952336 208c61600                   Options.target_file_size_base: 67108864
2022/05/01-18:57:23.952337 208c61600             Options.target_file_size_multiplier: 1
2022/05/01-18:57:23.952337 208c61600                Options.max_bytes_for_level_base: 268435456
2022/05/01-18:57:23.952338 208c61600 Options.level_compaction_dynamic_level_bytes: 0
2022/05/01-18:57:23.952339 208c61600          Options.max_bytes_for_level_multiplier: 10.000000
2022/05/01-18:57:23.952340 208c61600 Options.max_bytes_for_level_multiplier_addtl[0]: 1
2022/05/01-18:57:23.952341 208c61600 Options.max_bytes_for_level_multiplier_addtl[1]: 1
2022/05/01-18:57:23.952342 208c61600 Options.max_bytes_for_level_multiplier_addtl[2]: 1
2022/05/01-18:57:23.952342 208c61600 Options.max_bytes_for_level_multiplier_addtl[3]: 1
2022/05/01-18:57:23.952343 208c61600 Options.max_bytes_for_level_multiplier_addtl[4]: 1
2022/05/01-18:57:23.952344 208c61600 Options.max_bytes_for_level_multiplier_addtl[5]: 1
2022/05/01-18:57:23.952345 208c61600 Options.max_bytes_for_level_multiplier_addtl[6]: 1
2022/05/01-18:57:23.952346 208c61600       Options.max_sequential_skip_in_iterations: 8
2022/05/01-18:57:23.952346 208c61600                    Options.max_compaction_bytes: 1677721600
2022/05/01-18:57:23.952347 208c61600                        Options.arena_block_size: 8388608
2022/05/01-18:57:23.952348 208c61600   Options.soft_pending_compaction_bytes_limit: 68719476736
2022/05/01-18:57:23.952349 208c61600   Options.hard_pending_compaction_bytes_limit: 274877906944
2022/05/01-18:57:23.952350 208c61600       Options.rate_limit_delay_max_milliseconds: 100
2022/05/01-18:57:23.952350 208c61600                Options.disable_auto_compactions: 1
2022/05/01-18:57:23.952351 208c61600                        Options.compaction_style: kCompactionStyleLevel
2022/05/01-18:57:23.952352 208c61600                          Options.compaction_pri: kMinOverlappingRatio
2022/05/01-18:57:23.952353 208c61600 Options.compaction_options_universal.size_ratio: 1
2022/05/01-18:57:23.952354 208c61600 Options.compaction_options_universal.min_merge_width: 2
2022/05/01-18:57:23.952354 208c61600 Options.compaction_options_universal.max_merge_width: 4294967295
2022/05/01-18:57:23.952355 208c61600 Options.compaction_options_universal.max_size_amplification_percent: 200
2022/05/01-18:57:23.952356 208c61600 Options.compaction_options_universal.compression_size_percent: -1
2022/05/01-18:57:23.952357 208c61600 Options.compaction_options_universal.stop_style: kCompactionStopStyleTotalSize
2022/05/01-18:57:23.952358 208c61600 Options.compaction_options_fifo.max_table_files_size: 1073741824
2022/05/01-18:57:23.952359 208c61600 Options.compaction_options_fifo.allow_compaction: 0
2022/05/01-18:57:23.952359 208c61600                   Options.table_properties_collectors: 
2022/05/01-18:57:23.952360 208c61600                   Options.inplace_update_support: 0
2022/05/01-18:57:23.952361 208c61600                 Options.inplace_update_num_locks: 10000
2022/05/01-18:57:23.952362 208c61600               Options.memtable_prefix_bloom_size_ratio: 0.000000
2022/05/01-18:57:23.952363 208c61600               Options.memtable_whole_key_filtering: 0
2022/05/01-18:57:23.952363 208c61600   Options.memtable_huge_page_size: 0
2022/05/01-18:57:23.952364 208c61600                           Options.bloom_locality: 0
2022/05/01-18:57:23.952365 208c61600                    Options.max_successive_merges: 0
2022/05/01-18:57:23.952366 208c61600                Options.optimize_filters_for_hits: 0
2022/05/01-18:57:23.952366 208c61600                Options.paranoid_file_checks: 0
2022/05/01-18:57:23.952367 208c61600                Options.force_consistency_checks: 0
2022/05/01-18:57:23.952368 208c61600                Options.report_bg_io_stats: 0
2022/05/01-18:57:23.952369 208c61600                               Options.ttl: 2592000
2022/05/01-18:57:23.952370 208c61600          Options.periodic_compaction_seconds: 2592000
2022/05/01-18:57:23.952393 208c61600 [db/db_impl/db_impl.cc:2563] Created column family [FZ] (ID 2)
2022/05/01-18:57:23.953186 208c61600 [db/column_family.cc:580] --------------- Options for column family [NZ]:
2022/05/01-18:57:23.953188 208c61600               Options.comparator: leveldb.BytewiseComparator
2022/05/01-18:57:23.953189 208c61600           Options.merge_operator: None
2022/05/01-18:57:23.953190 208c61600        Options.compaction_filter: filter_outdated
2022/05/01-18:57:23.953190 208c61600        Options.compaction_filter_factory: None
2022/05/01-18:57:23.953191 208c61600  Options.sst_partitioner_factory: None
2022/05/01-18:57:23.953192 208c61600         Options.memtable_factory: SkipListFactory
2022/05/01-18:57:23.953193 208c61600            Options.table_factory: BlockBasedTable
2022/05/01-18:57:23.953205 208c61600            table_factory options:   flush_block_policy_factory: FlushBlockBySizePolicyFactory (0x600002460a70)
  cache_index_and_filter_blocks: 0
  cache_index_and_filter_blocks_with_high_priority: 1
  pin_l0_filter_and_index_blocks_in_cache: 0
  pin_top_level_index_and_filter: 1
  index_type: 0
  data_block_index_type: 0
  index_shortening: 1
  data_block_hash_table_util_ratio: 0.750000
  hash_index_allow_collision: 1
  checksum: 1
  no_block_cache: 0
  block_cache: 0x60000176d238
  block_cache_name: LRUCache
  block_cache_options:
    capacity : 8388608
    num_shard_bits : 4
    strict_capacity_limit : 0
    memory_allocator : None
    high_pri_pool_ratio: 0.000
  block_cache_compressed: 0x0
  persistent_cache: 0x0
  block_size: 4096
  block_size_deviation: 10
  block_restart_interval: 16
  index_block_restart_interval: 1
  metadata_block_size: 4096
  partition_filters: 0
  use_delta_encoding: 1
  filter_policy: nullptr
  whole_key_filtering: 1
  verify_compression: 0
  read_amp_bytes_per_bit: 0
  format_version: 4
  enable_index_compression: 1
  block_align: 0
2022/05/01-18:57:23.953207 208c61600        Options.write_buffer_size: 67108864
2022/05/01-18:57:23.953208 208c61600  Options.max_write_buffer_number: 2
2022/05/01-18:57:23.953208 208c61600          Options.compression: NoCompression
2022/05/01-18:57:23.953209 208c61600                  Options.bottommost_compression: Disabled
2022/05/01-18:57:23.953210 208c61600       Options.prefix_extractor: nullptr
2022/05/01-18:57:23.953211 208c61600   Options.memtable_insert_with_hint_prefix_extractor: nullptr
2022/05/01-18:57:23.953212 208c61600             Options.num_levels: 7
2022/05/01-18:57:23.953212 208c61600        Options.min_write_buffer_number_to_merge: 1
2022/05/01-18:57:23.953213 208c61600     Options.max_write_buffer_number_to_maintain: 0
2022/05/01-18:57:23.953214 208c61600     Options.max_write_buffer_size_to_maintain: 0
2022/05/01-18:57:23.953215 208c61600            Options.bottommost_compression_opts.window_bits: -14
2022/05/01-18:57:23.953215 208c61600                  Options.bottommost_compression_opts.level: 32767
2022/05/01-18:57:23.953216 208c61600               Options.bottommost_compression_opts.strategy: 0
2022/05/01-18:57:23.953217 208c61600         Options.bottommost_compression_opts.max_dict_bytes: 0
2022/05/01-18:57:23.953218 208c61600         Options.bottommost_compression_opts.zstd_max_train_bytes: 0
2022/05/01-18:57:23.953219 208c61600         Options.bottommost_compression_opts.parallel_threads: 1
2022/05/01-18:57:23.953219 208c61600                  Options.bottommost_compression_opts.enabled: false
2022/05/01-18:57:23.953220 208c61600            Options.compression_opts.window_bits: -14
2022/05/01-18:57:23.953221 208c61600                  Options.compression_opts.level: 32767
2022/05/01-18:57:23.953222 208c61600               Options.compression_opts.strategy: 0
2022/05/01-18:57:23.953223 208c61600         Options.compression_opts.max_dict_bytes: 0
2022/05/01-18:57:23.953223 208c61600         Options.compression_opts.zstd_max_train_bytes: 0
2022/05/01-18:57:23.953224 208c61600         Options.compression_opts.parallel_threads: 1
2022/05/01-18:57:23.953225 208c61600                  Options.compression_opts.enabled: false
2022/05/01-18:57:23.953226 208c61600      Options.level0_file_num_compaction_trigger: 4
2022/05/01-18:57:23.953233 208c61600          Options.level0_slowdown_writes_trigger: 20
2022/05/01-18:57:23.953234 208c61600              Options.level0_stop_writes_trigger: 36
2022/05/01-18:57:23.953235 208c61600                   Options.target_file_size_base: 67108864
2022/05/01-18:57:23.953236 208c61600             Options.target_file_size_multiplier: 1
2022/05/01-18:57:23.953237 208c61600                Options.max_bytes_for_level_base: 268435456
2022/05/01-18:57:23.953237 208c61600 Options.level_compaction_dynamic_level_bytes: 0
2022/05/01-18:57:23.953238 208c61600          Options.max_bytes_for_level_multiplier: 10.000000
2022/05/01-18:57:23.953239 208c61600 Options.max_bytes_for_level_multiplier_addtl[0]: 1
2022/05/01-18:57:23.953240 208c61600 Options.max_bytes_for_level_multiplier_addtl[1]: 1
2022/05/01-18:57:23.953241 208c61600 Options.max_bytes_for_level_multiplier_addtl[2]: 1
2022/05/01-18:57:23.953242 208c61600 Options.max_bytes_for_level_multiplier_addtl[3]: 1
2022/05/01-18:57:23.953242 208c61600 Options.max_bytes_for_level_multiplier_addtl[4]: 1
2022/05/01-18:57:23.953243 208c61600 Options.max_bytes_for_level_multiplier_addtl[5]: 1
2022/05/01-18:57:23.953244 208c61600 Options.max_bytes_for_level_multiplier_addtl[6]: 1
2022/05/01-18:57:23.953245 208c61600       Options.max_sequential_skip_in_iterations: 8
2022/05/01-18:57:23.953246 208c61600                    Options.max_compaction_bytes: 1677721600
2022/05/01-18:57:23.953246 208c61600                        Options.arena_block_size: 8388608
2022/05/01-18:57:23.953247 208c61600   Options.soft_pending_compaction_bytes_limit: 68719476736
